Interval time,120,   Number of vehicles,82
Vehicle ID,Status,Arrival Time,Departure Time,Initial Charge,Current Charge,Charge Rate,Charge Level Needed,Max Capacity,Charge Time NeededOriginal Free Time,Original Total Time,Original Laxity
3,FAILURE,3,153,13.2026742004,13.2026742004,50,18.8304285862,30,0.112555087714,149.887444912,150,0.999249632749
5,FAILURE,4,114,10.2217493439,10.2217493439,50,19.1318195397,30,0.178201403917,109.821798596,110,0.998379987237
6,FAILURE,5,116,13.7399240127,13.7399240127,50,17.2148356477,30,0.0694982326998,110.930501767,111,0.999373889795
7,FAILURE,6,71,12.4479051117,12.4479051117,50,17.1812800202,30,0.0946674981703,64.9053325018,65,0.998543576951
8,FAILURE,13,112,13.6380940716,13.6380940716,50,19.1027818835,30,0.109293756238,98.8907062438,99,0.998896022664
9,FAILURE,14,113,12.3939344752,12.3939344752,50,17.9068874332,30,0.11025905916,98.8897409408,99,0.99888627213
2,FAILURE,2,159,12.022250265,12.022250265,50,19.4819937755,30,0.14919487021,156.85080513,157,0.999049714202
10,FAILURE,14,90,9.8401038689,9.8401038689,50,16.2977893143,30,0.129153708907,75.8708462911,76,0.998300609093
12,FAILURE,19,120,13.9926400557,13.9926400557,50,18.0945762698,30,0.0820387242812,100.917961276,101,0.999187735403
13,FAILURE,20,134,12.1412283361,12.1412283361,50,24.1137641388,30,0.239450716054,113.760549284,114,0.997899555122
14,FAILURE,20,120,9.86944545324,9.86944545324,50,23.9824474804,30,0.282260040544,99.7177399595,100,0.997177399595
15,FAILURE,20,90,12.7701165918,12.7701165918,50,26.9149507902,30,0.282896683968,69.717103316,70,0.9959586188
16,FAILURE,21,152,14.5991842765,14.5991842765,50,19.8781359759,30,0.105579033988,130.894420966,131,0.999194053176
17,FAILURE,21,105,8.48015239342,8.48015239342,50,16.611311661,30,0.162623185351,83.8373768146,84,0.998064009698
0,FAILURE,1,166,12.9867796879,12.9867796879,50,16.888392268,30,0.0780322516031,164.921967748,165,0.999527077263
18,FAILURE,23,152,6.47009229891,6.47009229891,50,20.5014084028,30,0.280626322078,128.719373678,129,0.997824602154
4,FAILURE,4,166,15.8124454981,15.8124454981,50,22.0605607199,30,0.124962304437,161.875037696,162,0.99922862775
19,FAILURE,23,135,10.3363937273,10.3363937273,50,25.5014610668,30,0.303301346791,111.696698653,112,0.997291952261
11,FAILURE,16,167,10.31729672,10.31729672,50,20.0548525687,30,0.194751116976,150.805248883,151,0.998710257503
20,FAILURE,24,106,11.0941594179,11.0941594179,50,17.6374085301,30,0.130864982243,81.8691350178,82,0.998404085582
21,FAILURE,24,84,11.8514428232,11.8514428232,50,17.1478752527,30,0.105928648591,59.8940713514,60,0.998234522523
23,FAILURE,26,114,10.6315638166,10.6315638166,50,25.9566005352,30,0.306500734371,87.6934992656,88,0.996517037109
24,FAILURE,26,126,9.20925159279,9.20925159279,50,20.9340826829,30,0.234496621802,99.7655033782,100,0.997655033782
26,FAILURE,26,98,11.0134997529,11.0134997529,50,24.2699216041,30,0.265128437024,71.734871563,72,0.996317660597
27,FAILURE,28,114,8.65116332348,8.65116332348,50,17.3579827404,30,0.174136388339,85.8258636117,86,0.997975158275
1,FAILURE,1,175,16.9545091776,16.9545091776,50,19.3678068441,30,0.0482659533314,173.951734047,174,0.999722609464
22,FAILURE,26,183,10.4661300882,10.4661300882,50,14.1461141238,30,0.0735996807116,156.926400319,157,0.999531212225
31,SUCCESS,29,117,15.5370557778,15.5370557778,50,12.0335111113,30,-0.0700708933284,88.0700708933,88,1.00079626015
31,FAILURE,29,117,15.5370557778,15.5370557778,50,12.0335111113,30,-0.0700708933284,88.0700708933,88,1.00079626015
30,FAILURE,28,197,15.3401155252,15.3401155252,50,15.4775499346,30,0.0027486881883,168.997251312,169,0.999983735573
25,FAILURE,26,197,9.93415978179,9.93415978179,50,18.6381436783,30,0.17407967793,170.825920322,171,0.998981990188
34,FAILURE,35,106,11.9415580262,11.9415580262,50,22.1346240243,30,0.203861319962,70.79613868,71,0.997128713803
33,FAILURE,33,200,15.9004092772,15.9004092772,50,21.6616479129,30,0.115224772714,166.884775227,167,0.999310031301
29,FAILURE,28,200,7.88311061795,7.88311061795,50,21.298094974,30,0.26829968712,171.731700313,172,0.998440118098
37,FAILURE,40,182,16.1625702685,16.1625702685,50,20.4031856692,30,0.0848123080131,141.915187692,142,0.999402730225
39,FAILURE,40,170,9.46091986866,9.46091986866,50,22.993744192,30,0.270656486467,129.729343514,130,0.997918027027
38,FAILURE,40,202,9.06280267407,9.06280267407,50,21.6401801704,30,0.251547549926,161.74845245,162,0.998447237346
41,FAILURE,42,135,10.7020042604,10.7020042604,50,21.9758952194,30,0.225477819179,92.7745221808,93,0.997575507321
42,FAILURE,45,185,14.5394573513,14.5394573513,50,27.791903347,30,0.265048919915,139.73495108,140,0.998106793429
36,FAILURE,38,205,10.2928466346,10.2928466346,50,14.9827831945,30,0.0937987311977,166.906201269,167,0.999438330951
44,FAILURE,47,128,11.8926664338,11.8926664338,50,21.5925604901,30,0.193997881127,80.8060021189,81,0.997604964431
28,FAILURE,28,208,10.8544191565,10.8544191565,50,21.308801354,30,0.20908764395,179.790912356,180,0.998838401978
46,FAILURE,51,158,13.3742730075,13.3742730075,50,22.2764418485,30,0.178043376822,106.821956623,107,0.998336043207
47,FAILURE,51,113,12.0512235694,12.0512235694,50,18.2307968467,30,0.123591465546,61.8764085345,62,0.998006589265
43,FAILURE,45,210,12.9714860743,12.9714860743,50,25.1360822087,30,0.243291922689,164.756708077,165,0.998525503499
48,FAILURE,51,192,11.0696168574,11.0696168574,50,25.6072201478,30,0.290752065808,140.709247934,141,0.997937928611
49,FAILURE,51,210,13.771407179,13.771407179,50,21.8550397587,30,0.161672651595,158.838327348,159,0.99898319087
35,FAILURE,36,211,16.1948987464,16.1948987464,50,16.5664367906,30,0.00743076088407,174.992569239,175,0.999957538509
51,FAILURE,54,122,15.7320431066,15.7320431066,50,21.4667883632,30,0.114694905132,67.8853050949,68,0.998313310219
52,FAILURE,56,153,10.8883187756,10.8883187756,50,19.0474967142,30,0.163183558772,96.8368164412,97,0.99831769527
40,FAILURE,40,214,13.1440023438,13.1440023438,50,21.8460219348,30,0.174040391821,173.825959608,174,0.998999767863
50,FAILURE,53,226,10.382655283,10.382655283,50,24.7361463441,30,0.287069821222,172.712930179,173,0.998340636872
56,FAILURE,59,182,15.3317033108,15.3317033108,50,15.8757887143,30,0.0108817080708,122.989118292,123,0.999911530829
57,FAILURE,63,168,14.9924849549,14.9924849549,50,15.8403562547,30,0.016957425996,104.983042574,105,0.999838500705
45,FAILURE,51,230,14.3031798368,14.3031798368,50,16.8687749707,30,0.0513119026779,178.948688097,179,0.999713341326
59,FAILURE,71,162,6.25680526935,6.25680526935,50,23.8041834112,30,0.350947562836,90.6490524372,91,0.996143433375
60,FAILURE,72,223,10.1972941253,10.1972941253,50,16.0272069858,30,0.11659825721,150.883401743,151,0.999227826111
53,FAILURE,58,232,10.490297979,10.490297979,50,23.4652311194,30,0.259498662807,173.740501337,174,0.998508628375
61,FAILURE,76,155,15.3460281305,15.3460281305,50,17.3412519676,30,0.039904476741,78.9600955233,79,0.999494880041
62,FAILURE,77,142,7.85233502921,7.85233502921,50,22.228107204,30,0.287515443496,64.7124845565,65,0.995576685485
58,FAILURE,65,236,6.47560262833,6.47560262833,50,18.6949001507,30,0.244385950446,170.75561405,171,0.998570842395
55,FAILURE,59,237,13.9150103074,13.9150103074,50,20.7597172769,30,0.136894139391,177.863105861,178,0.999230931801
63,FAILURE,82,237,9.43037574692,9.43037574692,50,16.3457964241,30,0.138308413544,154.861691586,155,0.999107687655
65,FAILURE,88,216,12.9466690469,12.9466690469,50,22.7184969786,30,0.195436558634,127.804563441,128,0.998473151886
54,FAILURE,58,237,13.5173239768,13.5173239768,50,22.6104699916,30,0.181862920296,178.81813708,179,0.998984006032
66,FAILURE,90,166,9.11503129078,9.11503129078,50,26.0135220796,30,0.337969815777,75.6620301842,76,0.99555302874
67,FAILURE,91,152,11.0100704367,11.0100704367,50,17.9692508543,30,0.139183608353,60.8608163916,61,0.997718301502
71,FAILURE,104,236,13.8239677121,13.8239677121,50,23.2066922118,30,0.187654489995,131.81234551,132,0.998578375076
70,FAILURE,100,243,10.164276969,10.164276969,50,20.965547434,30,0.216025409301,142.783974591,143,0.998489332802
72,FAILURE,104,244,17.6777574278,17.6777574278,50,23.5695726842,30,0.117836305127,139.882163695,140,0.999158312106
74,FAILURE,104,164,14.9335195672,14.9335195672,50,16.8551203889,30,0.0384320164332,59.9615679836,60,0.999359466393
69,FAILURE,95,247,14.7173086638,14.7173086638,50,23.3429573883,30,0.17251297449,151.827487026,152,0.99886504622
68,FAILURE,94,249,13.3007010013,13.3007010013,50,18.2065459166,30,0.0981168983061,154.901883102,155,0.999366987753
77,FAILURE,109,233,11.5419004869,11.5419004869,50,15.0740888427,30,0.0706437671161,123.929356233,124,0.999430292201
78,FAILURE,109,227,13.1198160746,13.1198160746,50,18.3917145941,30,0.105437970391,117.89456203,118,0.999106457878
79,FAILURE,112,175,13.607623331,13.607623331,50,17.7222715702,30,0.0822929647844,62.9177070352,63,0.998693762464
64,FAILURE,83,253,13.8626934763,13.8626934763,50,24.007938574,30,0.202904901955,169.797095098,170,0.998806441753
81,FAILURE,116,242,14.1456422756,14.1456422756,50,16.289187909,30,0.0428709126681,125.957129087,126,0.999659754661
76,FAILURE,109,255,12.0531433472,12.0531433472,50,24.0462216167,30,0.239861565389,145.760138435,146,0.998357112566
80,FAILURE,114,267,11.5421935827,11.5421935827,50,19.4854261725,30,0.158864651797,152.841135348,153,0.998961668943
75,FAILURE,108,268,15.5838218455,15.5838218455,50,18.6069950565,30,0.0604634642198,159.939536536,160,0.999622103349
73,FAILURE,104,270,7.03744597477,7.03744597477,50,22.2708191082,30,0.304667462669,165.695332537,166,0.998164653839
