Interval time,120,Number of vehicles,71
Vehicle ID,Status,Arrival Time,Departure Time,Initial Charge,Current Charge,Charge Rate,Charge Level Needed,Max Capacity,Charge Time NeededOriginal Free Time,Original Total Time,Original Laxity
1,FAILURE,3,108,12.5874380552,12.5874380552,50,12.9530762642,30,0.00731276417987,104.992687236,105,0.999930354627
5,FAILURE,5,100,11.869522753,11.869522753,50,18.9015760361,30,0.140641065663,94.8593589343,95,0.99851956773
4,FAILURE,3,122,13.8401614531,13.8401614531,50,26.8762623193,30,0.260722017323,118.739277983,119,0.997809058678
0,FAILURE,3,127,10.202504001,10.202504001,50,17.0989962019,30,0.137929844019,123.862070156,124,0.998887662548
8,FAILURE,14,76,12.4054208862,12.4054208862,50,12.4147862539,30,0.000187307354705,61.9998126926,62,0.999996978914
9,FAILURE,15,111,13.5001070434,13.5001070434,50,17.9598572241,30,0.0891950036142,95.9108049964,96,0.999070885379
3,FAILURE,3,150,17.1668386225,17.1668386225,50,19.6838020771,30,0.0503392690931,146.949660731,147,0.999657555993
11,FAILURE,16,100,7.85302553402,7.85302553402,50,22.9615689631,30,0.302170868582,83.6978291314,84,0.996402727755
2,FAILURE,3,152,8.52469955902,8.52469955902,50,14.4824735675,30,0.119155480169,148.88084452,149,0.999200298791
7,FAILURE,13,153,15.3947468786,15.3947468786,50,22.1246294758,30,0.134597651945,139.865402348,140,0.9990385882
13,FAILURE,29,159,12.052490121,12.052490121,50,16.9472786314,30,0.0978957702073,129.90210423,130,0.999246955614
15,FAILURE,30,131,11.8823931813,11.8823931813,50,18.2180767336,30,0.126713671047,100.873286329,101,0.998745409198
14,FAILURE,29,170,15.1924686973,15.1924686973,50,16.6485960943,30,0.0291225479413,140.970877452,141,0.999793457107
17,FAILURE,35,139,9.23631611999,9.23631611999,50,20.5762889745,30,0.226799457091,103.773200543,104,0.99781923599
10,FAILURE,15,172,13.507367721,13.507367721,50,15.2053204336,30,0.0339590542519,156.966040946,157,0.999783700291
19,FAILURE,36,105,11.8036406487,11.8036406487,50,15.9173938543,30,0.0822750641125,68.9177249359,69,0.998807607766
16,FAILURE,32,173,13.4275342022,13.4275342022,50,20.535288387,30,0.142155083698,140.857844916,141,0.998991807917
6,FAILURE,5,174,16.4311092286,16.4311092286,50,20.3894684245,30,0.079167183918,168.920832816,169,0.999531555125
21,FAILURE,37,131,11.8041243899,11.8041243899,50,26.0410603015,30,0.284738718233,93.7152612818,94,0.9969708647
22,FAILURE,38,99,7.13713315031,7.13713315031,50,23.1006398579,30,0.319270134152,60.6807298658,61,0.994766063375
23,FAILURE,41,107,15.7810588621,15.7810588621,50,15.9296123938,30,0.00297107063401,65.9970289294,66,0.999954983778
12,FAILURE,22,175,10.2420789116,10.2420789116,50,22.9458735226,30,0.25407589222,152.745924108,153,0.998339373253
24,FAILURE,42,120,10.0569028493,10.0569028493,50,18.2430778595,30,0.163723500206,77.8362764998,78,0.997900980767
18,FAILURE,36,186,10.9005282073,10.9005282073,50,16.3786281007,30,0.109561997867,149.890438002,150,0.999269586681
28,FAILURE,54,176,10.6852320015,10.6852320015,50,18.9524724559,30,0.165344809089,121.834655191,122,0.99864471468
29,FAILURE,57,158,16.5154072665,16.5154072665,50,17.3158650561,30,0.0160091557909,100.983990844,101,0.999841493507
30,FAILURE,59,196,9.46877369335,9.46877369335,50,19.644642972,30,0.203517385573,136.796482614,137,0.998514471638
31,FAILURE,59,192,14.7850332683,14.7850332683,50,18.5038152952,30,0.0743756405395,132.925624359,133,0.999440784658
20,FAILURE,36,202,11.896741939,11.896741939,50,19.4866555236,30,0.151798271693,165.848201728,166,0.99908555258
26,FAILURE,53,204,10.0225451459,10.0225451459,50,23.951669308,30,0.278582483241,150.721417517,151,0.998155082892
33,FAILURE,65,205,11.0561916882,11.0561916882,50,25.1712873741,30,0.282301913718,139.717698086,140,0.997983557759
34,FAILURE,65,167,14.9993863145,14.9993863145,50,15.9389403247,30,0.0187910802038,101.98120892,102,0.999815773723
35,FAILURE,75,203,12.1731615924,12.1731615924,50,15.4158495515,30,0.0648537591815,127.935146241,128,0.999493330006
37,FAILURE,80,183,8.90751716737,8.90751716737,50,21.5401181276,30,0.252652019205,102.747347981,103,0.997547067775
25,FAILURE,50,207,11.0868269977,11.0868269977,50,21.4160498786,30,0.206584457617,156.793415542,157,0.998684175429
36,FAILURE,79,215,15.6822441829,15.6822441829,50,24.2717496994,30,0.17179011033,135.82820989,136,0.998736837424
32,FAILURE,64,217,13.4244603539,13.4244603539,50,19.8672981943,30,0.128856756808,152.871143243,153,0.999157798975
41,FAILURE,82,180,11.8508528493,11.8508528493,50,23.4577292589,30,0.232137528193,97.7678624718,98,0.997631249712
27,FAILURE,54,221,15.6616671939,15.6616671939,50,23.8845254663,30,0.164457165448,166.835542835,167,0.999015226554
38,FAILURE,81,222,12.2935788508,12.2935788508,50,22.158668048,30,0.197301783945,140.802698216,141,0.998600696568
43,FAILURE,87,198,11.5384707341,11.5384707341,50,20.2714366978,30,0.174659319274,110.825340681,111,0.998426492619
45,SUCCESS,90,266,16.0351009678,16.0351009678,50,14.2565806113,30,-0.0355704071298,176.035570407,176,1.00020210459
42,FAILURE,87,223,12.7129072056,12.7129072056,50,18.1558837228,30,0.108859530343,135.89114047,136,0.999199562277
46,FAILURE,90,201,12.4216467585,12.4216467585,50,19.6918773488,30,0.145404611805,110.854595388,111,0.998690048542
47,FAILURE,90,209,8.32486858474,8.32486858474,50,27.4649809265,30,0.382802246836,118.617197753,119,0.996783174396
49,FAILURE,94,197,7.71580114578,7.71580114578,50,15.5277660531,30,0.156239298147,102.843760702,103,0.99848311361
39,FAILURE,81,238,13.3474820713,13.3474820713,50,19.719991988,30,0.127450198335,156.872549802,157,0.999188215297
51,FAILURE,94,166,12.0965152326,12.0965152326,50,21.6395133625,30,0.190859962597,71.8091400374,72,0.997349167186
52,FAILURE,96,221,6.00775334708,6.00775334708,50,21.2456024134,30,0.304756981327,124.695243019,125,0.997561944149
53,FAILURE,100,160,14.0799415912,14.0799415912,50,23.0971135944,30,0.180343440065,59.8196565599,60,0.996994275999
44,FAILURE,89,242,8.99567753773,8.99567753773,50,24.4367289616,30,0.308821028478,152.691178972,153,0.997981561905
55,SUCCESS,105,184,21.1038390045,21.1038390045,50,19.9842243865,30,-0.0223922923601,79.0223922924,79,1.00028344674
55,FAILURE,105,184,21.1038390045,21.1038390045,50,19.9842243865,30,-0.0223922923601,79.0223922924,79,1.00028344674
57,FAILURE,107,208,19.0513309668,19.0513309668,50,26.3127531005,30,0.145228442674,100.854771557,101,0.998562094627
58,SUCCESS,108,234,18.3580006036,18.3580006036,50,18.353981643,30,-8.0379211341e-05,126.000080379,126,1.00000063793
58,FAILURE,108,234,18.3580006036,18.3580006036,50,18.353981643,30,-8.0379211341e-05,126.000080379,126,1.00000063793
50,FAILURE,94,245,9.2056773707,9.2056773707,50,20.3762040236,30,0.223410533058,150.776589467,151,0.998520460046
60,FAILURE,112,239,16.1820852811,16.1820852811,50,19.0897351273,30,0.0581529969232,126.941847003,127,0.999542102386
61,FAILURE,112,242,11.0219603606,11.0219603606,50,23.7015483803,30,0.253591760395,129.74640824,130,0.998049294151
63,FAILURE,116,241,13.8259973073,13.8259973073,50,18.4420164823,30,0.0923203835002,124.907679616,125,0.999261436932
54,FAILURE,102,253,14.3167758296,14.3167758296,50,26.1770941797,30,0.237206367001,150.762793633,151,0.998429096907
65,FAILURE,119,248,12.9054970289,12.9054970289,50,15.9599582556,30,0.0610892245352,128.938910775,129,0.99952644012
40,FAILURE,82,257,8.37858028942,8.37858028942,50,22.2512947598,30,0.277454289408,174.722545711,175,0.998414546918
48,FAILURE,94,266,18.3550093454,18.3550093454,50,18.9612556896,30,0.0121249268837,171.987875073,172,0.999929506239
68,FAILURE,119,225,13.8344834667,13.8344834667,50,19.3780708303,30,0.110871747273,105.889128253,106,0.99895404012
66,FAILURE,119,271,10.2937344911,10.2937344911,50,21.0069598933,30,0.214264508045,151.785735492,152,0.998590365079
70,FAILURE,119,201,14.4454864492,14.4454864492,50,21.9093354996,30,0.149276981008,81.850723019,82,0.998179549012
67,FAILURE,119,278,14.5920065601,14.5920065601,50,21.4321791964,30,0.136803452726,158.863196547,159,0.999139600926
62,FAILURE,114,289,14.1631108355,14.1631108355,50,20.0209905089,30,0.117157593468,174.882842407,175,0.999330528037
69,FAILURE,119,290,11.2171138028,11.2171138028,50,22.3455993673,30,0.222569711289,170.777430289,171,0.998698422741
64,FAILURE,116,294,10.3076508379,10.3076508379,50,21.1547131779,30,0.216941246799,177.783058753,178,0.998781228951
