Interval time:  ,120,   Number of vehicles:  ,0
Vehicle ID,Status,Arrival Time,Departure Time,Initial Charge,Current Charge,Charge Rate,Charge Level Needed,Max Capacity,Charge Time NeededOriginal Free Time,Original Total Time,Original Laxity
5,FAILURE,16,81,11.7232291092,11.7232291092,50,18.6388669954,30,0.138312757725,64.8616872423,65,0.99787211142
11,SUCCESS,26,110,14.3770768615,14.3770768615,50,12.1441979698,30,-0.0446575778347,84.0446575778,84,1.00053163783
6,FAILURE,17,90,10.0224438068,10.0224438068,50,17.8682620574,30,0.156916365012,72.843083635,73,0.997850460753
12,FAILURE,26,90,10.4540454124,10.4540454124,50,16.7240761592,30,0.125400614936,63.8745993851,64,0.998040615392
4,FAILURE,12,93,8.49230473516,8.49230473516,50,24.3112357717,30,0.31637862073,80.6836213793,81,0.996094091102
10,FAILURE,22,104,12.7551072579,12.7551072579,50,15.0909899155,30,0.0467176531526,81.9532823468,82,0.999430272523
16,FAILURE,37,115,3.32973474284,3.32973474284,50,21.6726660747,30,0.366858626638,77.6331413734,78,0.995296684274
15,FAILURE,37,119,8.19433817291,8.19433817291,50,26.5838434018,30,0.367790104579,81.6322098954,82,0.995514754822
22,FAILURE,49,124,13.6376255816,13.6376255816,50,22.7663550208,30,0.182574588784,74.8174254112,75,0.99756567215
2,FAILURE,5,127,13.2669679774,13.2669679774,50,18.256401729,30,0.0997886750316,121.900211325,122,0.999182060041
25,FAILURE,59,134,17.0958356249,17.0958356249,50,24.6323081971,30,0.150729451444,74.8492705486,75,0.997990273981
31,FAILURE,67,136,11.0203027729,11.0203027729,50,17.2818751299,30,0.125231447139,68.8747685529,69,0.998185051491
41,FAILURE,79,142,9.65566952694,9.65566952694,50,17.704587467,30,0.160978358802,62.8390216412,63,0.997444787956
1,FAILURE,4,146,17.2609084547,17.2609084547,50,25.6402778072,30,0.167587387049,141.832412613,142,0.998819807133
29,FAILURE,62,150,8.33574516382,8.33574516382,50,22.5159714785,30,0.283604526293,87.7163954737,88,0.996777221292
39,FAILURE,77,151,9.68677566431,9.68677566431,50,21.626086015,30,0.238786207014,73.761213793,74,0.996773159365
7,FAILURE,17,153,11.8462972122,11.8462972122,50,22.9071943458,30,0.221217942673,135.778782057,136,0.99837339748
28,FAILURE,62,154,11.3584285898,11.3584285898,50,23.6938447034,30,0.246708322272,91.7532916777,92,0.997318387801
46,FAILURE,81,155,14.3332778959,14.3332778959,50,14.7141824265,30,0.00761809061205,73.9923819094,74,0.99989705283
33,FAILURE,70,157,16.6450869657,16.6450869657,50,18.4732947826,30,0.0365641563383,86.9634358437,87,0.999579722341
45,FAILURE,81,162,10.0519522861,10.0519522861,50,22.5984101764,30,0.250929157805,80.7490708422,81,0.996902109163
3,FAILURE,7,163,10.5668307572,10.5668307572,50,20.9469334985,30,0.207602054826,155.792397945,156,0.998669217597
56,FAILURE,101,165,5.89517209689,5.89517209689,50,20.1288047417,30,0.284672652896,63.7153273471,64,0.995551989798
30,FAILURE,63,168,8.21611856499,8.21611856499,50,22.0243342802,30,0.276164314304,104.723835686,105,0.997369863673
47,FAILURE,84,168,11.1182681872,11.1182681872,50,15.1405641131,30,0.0804459185179,83.9195540815,84,0.999042310494
19,FAILURE,41,169,10.3575711693,10.3575711693,50,19.3661618062,30,0.180171812738,127.819828187,128,0.998592407713
59,FAILURE,104,170,9.65936725133,9.65936725133,50,19.9354192274,30,0.205521039522,65.7944789605,66,0.996886044856
66,FAILURE,108,171,8.60708700402,8.60708700402,50,20.8484869066,30,0.244827998052,62.7551720019,63,0.996113841301
34,FAILURE,73,173,12.4070939767,12.4070939767,50,15.7352999778,30,0.066564120022,99.93343588,100,0.9993343588
44,FAILURE,79,174,11.7362964687,11.7362964687,50,18.0899030703,30,0.127072132031,94.872927868,95,0.99866239861
9,FAILURE,22,174,8.71775572457,8.71775572457,50,16.6106586794,30,0.157858059096,151.842141941,152,0.998961460138
0,FAILURE,3,174,6.84896719514,6.84896719514,50,16.8910311138,30,0.200841278372,170.799158722,171,0.9988254896
54,FAILURE,98,175,14.6968134393,14.6968134393,50,18.1692044955,30,0.0694478211241,76.9305521789,77,0.999098080245
37,SUCCESS,76,185,16.1136846245,16.1136846245,50,15.8523270217,30,-0.00522715205539,109.005227152,109,1.00004795552
48,FAILURE,89,176,15.8273475057,15.8273475057,50,19.5715277815,30,0.0748836055168,86.9251163945,87,0.999139268902
36,FAILURE,75,182,15.0472308559,15.0472308559,50,19.7782995079,30,0.094621373039,106.905378627,107,0.999115688102
76,FAILURE,118,186,10.8889976347,10.8889976347,50,24.5092838541,30,0.272405724388,67.7275942756,68,0.995994033465
21,FAILURE,44,186,15.0394962945,15.0394962945,50,20.0081397578,30,0.0993728692662,141.900627131,142,0.999300191062
24,SUCCESS,55,193,17.6945934296,17.6945934296,50,14.1432128728,30,-0.0710276111366,138.071027611,138,1.00051469283
8,FAILURE,19,188,8.72655832671,8.72655832671,50,18.0594760131,30,0.186658353727,168.813341646,169,0.9988955127
65,FAILURE,108,190,13.960368249,13.960368249,50,20.9240484985,30,0.13927360499,81.860726395,82,0.998301541403
26,FAILURE,59,192,14.210509268,14.210509268,50,21.4258874499,30,0.144307563638,132.855692436,133,0.998914980725
13,FAILURE,36,196,13.9661483198,13.9661483198,50,18.2233860959,30,0.0851447555211,159.914855244,160,0.999467845278
50,FAILURE,91,198,10.6815456396,10.6815456396,50,20.7017633916,30,0.200404355041,106.799595645,107,0.998127062102
14,FAILURE,37,201,12.6650414889,12.6650414889,50,19.4598264026,30,0.135895698274,163.864104302,164,0.999171367693
51,FAILURE,91,204,9.00821515833,9.00821515833,50,19.5412333704,30,0.210660364242,112.789339636,113,0.998135748989
20,FAILURE,42,205,6.8864947848,6.8864947848,50,17.3769982388,30,0.20981006908,162.790189931,163,0.998712821662
32,FAILURE,67,206,17.2699031027,17.2699031027,50,22.6984618142,30,0.108571174229,138.891428826,139,0.999218912416
18,FAILURE,40,206,5.52061190453,5.52061190453,50,19.7104607465,30,0.28379697684,165.716203023,166,0.998290379658
52,FAILURE,92,208,10.9997605838,10.9997605838,50,16.029125821,30,0.100587304743,115.899412695,116,0.999132868063
38,FAILURE,77,208,9.0324540402,9.0324540402,50,19.2685528774,30,0.204721976743,130.795278023,131,0.998437236819
40,FAILURE,79,209,12.3627440788,12.3627440788,50,21.905479448,30,0.190854707385,129.809145293,130,0.998531886866
17,FAILURE,40,218,15.7060111992,15.7060111992,50,20.8475893331,30,0.102831562679,177.897168437,178,0.999422294592
64,SUCCESS,106,225,18.0530482338,18.0530482338,50,17.9607835491,30,-0.00184529369447,119.001845294,119,1.00001550667
73,FAILURE,111,221,13.7262740661,13.7262740661,50,23.1640077948,30,0.188754674576,109.811245325,110,0.998284048413
77,FAILURE,118,221,13.7912141809,13.7912141809,50,21.9466393473,30,0.163108503327,102.836891497,103,0.998416422298
27,FAILURE,61,221,13.4761853097,13.4761853097,50,21.2556948373,30,0.155590190553,159.844409809,160,0.999027561309
62,FAILURE,106,223,9.58737060691,9.58737060691,50,18.2205195734,30,0.172662979329,116.827337021,117,0.99852424804
68,FAILURE,109,227,10.4987236908,10.4987236908,50,21.4965914967,30,0.219957356118,117.780042644,118,0.998135954609
49,FAILURE,89,229,16.0310654378,16.0310654378,50,23.4205012385,30,0.147788716014,139.852211284,140,0.998944366314
70,FAILURE,110,229,12.8709249021,12.8709249021,50,19.3147146939,30,0.128875795836,118.871124204,119,0.998917010119
23,FAILURE,51,230,12.0719889227,12.0719889227,50,15.3818627654,30,0.0661974768548,178.933802523,179,0.999630181694
71,FAILURE,111,231,9.7644197791,9.7644197791,50,18.6789223393,30,0.178290051203,119.821709949,120,0.998514249573
35,FAILURE,75,232,9.15434384271,9.15434384271,50,19.3097085322,30,0.20310729379,156.796892706,157,0.998706322969
61,FAILURE,106,237,12.9989895136,12.9989895136,50,18.1775873376,30,0.103571956478,130.896428044,131,0.999209374378
43,FAILURE,79,239,13.3553756269,13.3553756269,50,19.6203174259,30,0.125298835979,159.874701164,160,0.999216882275
69,FAILURE,110,243,9.44902555519,9.44902555519,50,15.143302021,30,0.113885529317,132.886114471,133,0.999143717825
53,SUCCESS,95,257,16.6380552295,16.6380552295,50,15.9012703433,30,-0.0147356977236,162.014735698,162,1.0000909611
57,FAILURE,104,248,10.9478227011,10.9478227011,50,19.4069354951,30,0.169182255879,143.830817744,144,0.998825123223
42,FAILURE,79,249,11.5332835949,11.5332835949,50,21.214720014,30,0.193628728381,169.806371272,170,0.99886100748
67,FAILURE,109,249,15.3737531715,15.3737531715,50,22.1495869249,30,0.135516675068,139.864483325,140,0.99903202375
60,FAILURE,104,253,12.3973000403,12.3973000403,50,21.7789264127,30,0.187632527446,148.812367473,149,0.998740721292
78,FAILURE,119,260,16.6866752234,16.6866752234,50,17.7106004364,30,0.0204785042594,140.979521496,141,0.999854762381
74,FAILURE,111,263,12.0954456822,12.0954456822,50,15.9210422794,30,0.0765119319441,151.923488068,152,0.999496632027
75,FAILURE,115,269,10.7746277032,10.7746277032,50,24.6681086222,30,0.277869618382,153.722130382,154,0.998195651829
58,FAILURE,104,277,11.5524890377,11.5524890377,50,26.0568400361,30,0.290087019967,172.70991298,173,0.998323196416
55,FAILURE,99,278,11.8704469598,11.8704469598,50,16.2135709902,30,0.0868624806072,178.913137519,179,0.999514734745
63,FAILURE,106,281,9.85536923388,9.85536923388,50,26.3959787433,30,0.330812190188,174.66918781,175,0.998109644627
72,FAILURE,111,291,6.63348763713,6.63348763713,50,22.8959185709,30,0.325248618675,179.674751381,180,0.99819306323
