Interval time,120,   Number of vehicles,66
Vehicle ID,Status,Arrival Time,Departure Time,Initial Charge,Current Charge,Charge Rate,Charge Level Needed,Max Capacity,Charge Time NeededOriginal Free Time,Original Total Time,Original Laxity
10,SUCCESS,36,97,15.8055731519,15.8055731519,50,12.0015880746,30,-0.0760797015466,61.0760797015,61,1.00124720822
5,FAILURE,12,77,10.0997377872,10.0997377872,50,18.4724923773,30,0.167455091803,64.8325449082,65,0.997423767818
3,FAILURE,10,79,10.5263110138,10.5263110138,50,25.167789964,30,0.292829579004,68.707170421,69,0.995756093058
1,FAILURE,8,83,6.20870183084,6.20870183084,50,22.6589900077,30,0.329005763537,74.6709942365,75,0.995613256486
14,FAILURE,38,104,9.46117481608,9.46117481608,50,21.6118785756,30,0.24301407519,65.7569859248,66,0.996317968558
21,FAILURE,41,128,10.1849314353,10.1849314353,50,15.7724167578,30,0.111749706452,86.8882502935,87,0.998715520615
7,FAILURE,15,128,11.0880000349,11.0880000349,50,24.5048362254,30,0.26833672381,112.731663276,113,0.997625338727
18,FAILURE,40,132,14.3970213881,14.3970213881,50,21.4476964384,30,0.141013501006,91.858986499,92,0.998467244554
4,FAILURE,12,135,13.2429834534,13.2429834534,50,21.7699284686,30,0.170538900306,122.8294611,123,0.998613504876
26,FAILURE,58,135,18.6268738688,18.6268738688,50,18.7520636478,30,0.00250379557821,76.9974962044,77,0.999967483174
8,FAILURE,32,138,17.6934711637,17.6934711637,50,21.3438849874,30,0.0730082764735,105.926991724,106,0.999311242675
29,FAILURE,64,139,13.007879578,13.007879578,50,22.189685997,30,0.183636128381,74.8163638716,75,0.997551518288
23,FAILURE,51,139,16.5133559312,16.5133559312,50,24.8839074482,30,0.167411030339,87.8325889697,88,0.998097601928
6,FAILURE,14,142,8.10971903724,8.10971903724,50,19.7732408947,30,0.233270437149,127.766729563,128,0.99817757471
15,FAILURE,39,142,8.93199496178,8.93199496178,50,21.4805097411,30,0.250970295586,102.749029704,103,0.997563395188
24,FAILURE,55,144,13.6977001409,13.6977001409,50,25.7703769144,30,0.241453535469,88.7585464645,89,0.997287038927
0,FAILURE,2,151,10.710451107,10.710451107,50,24.9529072638,30,0.284849123135,148.715150877,149,0.998088260919
12,FAILURE,37,151,13.7820478725,13.7820478725,50,21.8601218251,30,0.161561479052,113.838438521,114,0.998582794043
19,FAILURE,40,152,14.3394740077,14.3394740077,50,22.0392785651,30,0.153996091148,111.846003909,112,0.9986250349
28,FAILURE,64,152,13.3988622215,13.3988622215,50,22.9940211065,30,0.191903177702,87.8080968223,88,0.997819282072
2,FAILURE,10,154,9.32791749313,9.32791749313,50,20.5665300697,30,0.224772251532,143.775227748,144,0.998439081587
25,FAILURE,58,154,11.5732736319,11.5732736319,50,19.4409194052,30,0.157352915466,95.8426470845,96,0.998360907131
43,SUCCESS,90,168,19.3451259178,19.3451259178,50,18.6553904071,30,-0.0137947102146,78.0137947102,78,1.00017685526
17,FAILURE,40,162,9.99480435565,9.99480435565,50,21.4048971023,30,0.228201854933,121.771798145,122,0.998129492992
11,FAILURE,37,162,9.36477287045,9.36477287045,50,18.8132780634,30,0.18897010386,124.811029896,125,0.998488239169
35,FAILURE,81,166,10.6759348439,10.6759348439,50,21.3453191817,30,0.213387686754,84.7866123132,85,0.997489556626
27,SUCCESS,64,176,18.0389868708,18.0389868708,50,16.9505877065,30,-0.0217679832852,112.021767983,112,1.00019435699
22,FAILURE,45,168,16.4151591316,16.4151591316,50,21.6906972483,30,0.105510762332,122.894489238,123,0.999142188924
56,FAILURE,102,169,8.00590054616,8.00590054616,50,19.621301283,30,0.232308014738,66.7676919853,67,0.996532716198
13,FAILURE,37,173,11.0369164513,11.0369164513,50,20.8162894914,30,0.195587460802,135.804412539,136,0.998561856906
31,FAILURE,75,174,11.7360934883,11.7360934883,50,21.1281683796,30,0.187841497825,98.8121585022,99,0.998102611133
33,FAILURE,78,179,12.3191963824,12.3191963824,50,17.4079017795,30,0.101774107942,100.898225892,101,0.998992335565
52,FAILURE,97,183,14.4361675449,14.4361675449,50,23.8097302875,30,0.187471254853,85.8125287451,86,0.997820101688
64,FAILURE,117,185,20.4508771674,20.4508771674,50,24.2529748291,30,0.0760419532338,67.9239580468,68,0.998881735982
16,FAILURE,40,185,12.0496215835,12.0496215835,50,16.631724546,30,0.09164205925,144.908357941,145,0.999367985798
47,FAILURE,93,192,13.2556999125,13.2556999125,50,20.2887377781,30,0.140660757313,98.8593392427,99,0.99857918427
62,FAILURE,111,195,18.0835482422,18.0835482422,50,19.341396256,30,0.0251569602763,83.9748430397,84,0.999700512378
55,FAILURE,99,199,9.04227334003,9.04227334003,50,17.5345758597,30,0.169846050393,99.8301539496,100,0.998301539496
32,FAILURE,75,200,17.2180471503,17.2180471503,50,24.0866441559,30,0.137371940113,124.86262806,125,0.998901024479
30,FAILURE,64,201,9.80524331993,9.80524331993,50,15.9939144942,30,0.123773423485,136.876226577,137,0.999096544354
49,FAILURE,95,207,11.1824944159,11.1824944159,50,17.9269293871,30,0.134888699423,111.865111301,112,0.998795636612
61,FAILURE,111,209,8.53850355248,8.53850355248,50,23.590973695,30,0.30104940285,97.6989505971,98,0.996928067318
20,FAILURE,40,209,15.47278515,15.47278515,50,17.7599187445,30,0.0457426718889,168.954257328,169,0.999729333302
41,SUCCESS,87,224,20.413622638,20.413622638,50,19.5990161611,30,-0.0162921295382,137.01629213,137,1.00011892065
9,FAILURE,34,211,16.1023994739,16.1023994739,50,19.5925208254,30,0.0698024270314,176.930197573,177,0.999605636005
63,FAILURE,111,216,11.5049707264,11.5049707264,50,22.3456385926,30,0.216813357325,104.783186643,105,0.997935110883
51,FAILURE,95,222,8.54031539878,8.54031539878,50,9.62592546471,30,0.0217122013186,126.978287799,127,0.999829037785
40,FAILURE,85,224,12.0044265805,12.0044265805,50,17.3624974426,30,0.107161417241,138.892838583,139,0.999229054552
48,FAILURE,95,225,9.01794872413,9.01794872413,50,18.8843870142,30,0.197328765801,129.802671234,130,0.998482086417
59,FAILURE,105,227,13.2060405839,13.2060405839,50,25.7714843564,30,0.251308875449,121.748691125,122,0.997940091185
58,FAILURE,105,238,11.9708100701,11.9708100701,50,19.8093169779,30,0.156770138157,132.843229862,133,0.998821277157
36,FAILURE,83,238,5.53578934277,5.53578934277,50,25.2286571828,30,0.393857356801,154.606142643,155,0.997458984795
57,FAILURE,102,238,16.922638308,16.922638308,50,20.9954645548,30,0.0814565249357,135.918543475,136,0.999401054964
53,SUCCESS,97,250,17.4515906038,17.4515906038,50,17.226365297,30,-0.00450450613529,153.004504506,153,1.00002944122
39,FAILURE,84,246,9.88463320573,9.88463320573,50,24.4177308688,30,0.290661953261,161.709338047,162,0.998205790412
42,FAILURE,88,249,14.3894142228,14.3894142228,50,23.4454803526,30,0.181121322596,160.818878677,161,0.998875022841
37,FAILURE,84,251,12.3266051549,12.3266051549,50,21.3888183434,30,0.18124426377,166.818755736,167,0.998914705007
38,FAILURE,84,255,11.5878901498,11.5878901498,50,20.8643290037,30,0.185528777079,170.814471223,171,0.998915036391
45,FAILURE,91,257,13.3224934464,13.3224934464,50,14.526384617,30,0.0240778234116,165.975922177,166,0.999854952871
34,FAILURE,81,260,13.3974846812,13.3974846812,50,17.8923989729,30,0.0898982858345,178.910101714,179,0.999497774939
50,SUCCESS,95,268,20.7742010411,20.7742010411,50,20.1996433555,30,-0.0114911537117,173.011491154,173,1.00006642285
54,FAILURE,97,263,15.7494053952,15.7494053952,50,24.9993844367,30,0.18499958083,165.815000419,166,0.998885544694
60,FAILURE,105,264,8.89892403479,8.89892403479,50,22.1394075782,30,0.264809670868,158.735190329,159,0.998334530372
44,FAILURE,90,265,11.1243348785,11.1243348785,50,22.9948649421,30,0.237410601272,174.762589399,175,0.998643367993
46,FAILURE,91,266,11.8197894848,11.8197894848,50,22.2927901566,30,0.209460013437,174.790539987,175,0.998803085638
65,FAILURE,117,293,7.67037618046,7.67037618046,50,17.110622561,30,0.188804927612,175.811195072,176,0.998927244729
