Interval time,120,Number of vehicles,40
Vehicle ID,Status,Arrival Time,Departure Time,Initial Charge,Current Charge,Charge Rate,Charge Level Needed,Max Capacity,Charge Time NeededOriginal Free Time,Original Total Time,Original Laxity
0,FAILURE,1,146,10.5819809678,10.5819809678,50,17.1507847004,30,0.131376074652,144.868623925,145,0.999093958106
1,FAILURE,8,144,11.6869429183,11.6869429183,50,20.8270569096,30,0.182802279826,135.81719772,136,0.99865586559
2,FAILURE,19,133,16.174055138,16.174055138,50,18.6339538895,30,0.0491979750297,113.950802025,114,0.999568438816
3,FAILURE,20,84,15.070882291,15.070882291,50,17.842175257,30,0.055425859321,63.9445741407,64,0.999133970948
4,FAILURE,22,115,12.1090018549,12.1090018549,50,23.5956165547,30,0.229732293996,92.770267706,93,0.99752976028
5,FAILURE,27,133,15.105640462,15.105640462,50,18.9420139979,30,0.0767274707187,105.923272529,106,0.999276155937
6,FAILURE,29,121,8.08046952515,8.08046952515,50,19.9560048519,30,0.237510706534,91.7624892935,92,0.997418361885
7,FAILURE,34,155,11.6591816781,11.6591816781,50,22.8550695251,30,0.22391775694,120.776082243,121,0.998149440025
8,FAILURE,34,118,8.83976035661,8.83976035661,50,21.6332656812,30,0.255870106492,83.7441298935,84,0.996953927304
9,FAILURE,36,109,16.3643792525,16.3643792525,50,19.9778015232,30,0.0722684454143,72.9277315546,73,0.999010021296
10,FAILURE,41,165,9.14923755607,9.14923755607,50,22.4187384719,30,0.265390018316,123.734609982,124,0.997859757917
11,SUCCESS,41,202,17.9773072948,17.9773072948,50,17.5178056658,30,-0.00919003257888,161.009190033,161,1.00005708095
11,FAILURE,41,202,17.9773072948,17.9773072948,50,17.5178056658,30,-0.00919003257888,161.009190033,161,1.00005708095
12,FAILURE,42,169,12.3268922703,12.3268922703,50,15.9939600241,30,0.0733413550751,126.926658645,127,0.999422509015
13,FAILURE,42,205,12.6510005875,12.6510005875,50,19.7393309167,30,0.141766606583,162.858233393,163,0.999130266217
14,FAILURE,45,152,11.1115249443,11.1115249443,50,23.269810305,30,0.243165707215,106.756834293,107,0.997727423297
15,FAILURE,47,159,13.7172087194,13.7172087194,50,15.5192709103,30,0.0360412438171,111.963958756,112,0.99967820318
16,FAILURE,47,227,12.1728717589,12.1728717589,50,19.9162723467,30,0.154868011757,179.845131988,180,0.999139622157
17,FAILURE,49,142,11.1758900526,11.1758900526,50,22.2603399705,30,0.221688998359,92.7783110016,93,0.997616247329
18,FAILURE,51,225,11.3445895425,11.3445895425,50,17.5910888858,30,0.124929986865,173.875070013,174,0.99928201157
19,FAILURE,52,145,13.4219210878,13.4219210878,50,19.3692606818,30,0.118946791881,92.8810532081,93,0.998721002238
20,FAILURE,61,133,5.66363564651,5.66363564651,50,24.1016506986,30,0.368760301042,71.631239699,72,0.994878329152
21,FAILURE,64,209,13.3066145216,13.3066145216,50,21.0562566217,30,0.154992842001,144.845007158,145,0.998931083848
22,FAILURE,65,196,15.396874141,15.396874141,50,21.1423323815,30,0.114909164809,130.885090835,131,0.999122830803
23,FAILURE,66,186,10.0186545548,10.0186545548,50,19.093957284,30,0.181506054584,119.818493945,120,0.998487449545
24,FAILURE,71,178,9.98837849042,9.98837849042,50,12.6332070244,30,0.0528965706796,106.947103429,107,0.999505639526
25,FAILURE,78,140,13.7407351616,13.7407351616,50,25.2113532644,30,0.229412362056,61.7705876379,62,0.996299800612
26,FAILURE,78,237,7.67973708905,7.67973708905,50,20.5600063004,30,0.257605384226,158.742394616,159,0.998379840351
27,FAILURE,83,166,7.95779194661,7.95779194661,50,17.8821740538,30,0.198487642143,82.8015123579,83,0.997608582625
28,FAILURE,87,214,10.8616713776,10.8616713776,50,14.4309213156,30,0.0713849987617,126.928615001,127,0.999437913396
29,FAILURE,90,245,14.4084802908,14.4084802908,50,20.5938333891,30,0.123707061966,154.876292938,155,0.999201889923
30,FAILURE,92,235,15.9460591287,15.9460591287,50,17.4288677248,30,0.0296561719213,142.970343828,143,0.999792614182
31,FAILURE,94,259,14.577730697,14.577730697,50,21.6494604305,30,0.14143459467,164.858565405,165,0.999142820638
32,FAILURE,97,170,9.82066294515,9.82066294515,50,16.4213876319,30,0.132014493735,72.8679855063,73,0.998191582278
33,FAILURE,100,231,11.3059325657,11.3059325657,50,17.0970922503,30,0.115823193691,130.884176806,131,0.999115853483
34,FAILURE,101,170,14.4090569492,14.4090569492,50,21.1885985444,30,0.135590831904,68.8644091681,69,0.99803491548
35,FAILURE,101,226,16.7678104488,16.7678104488,50,17.9297489957,30,0.0232387709393,124.976761229,125,0.999814089832
36,FAILURE,104,168,14.2780203391,14.2780203391,50,18.6536538732,30,0.0875126706837,63.9124873293,64,0.998632614521
37,FAILURE,107,201,12.7801027664,12.7801027664,50,16.5941759616,30,0.0762814639048,93.9237185361,94,0.999188495065
38,FAILURE,116,292,8.45311422712,8.45311422712,50,18.2701495388,30,0.196340706234,175.803659294,176,0.998884427805
39,FAILURE,118,275,7.33254082292,7.33254082292,50,20.6095687642,30,0.265540558827,156.734459441,157,0.998308658861
